205
384
4480
5
9999
2250
171
6250
14336
999
180
45
8750
3840
8960
41
12288
16384
100
15
55
11520
18
49
20480
200
12000
70
3600
1000
11250
80
300
896
17500
2
5000
181
28
20
1792
37
1500
120
450
700
1750
4375
15000
2240
18432
33
7500
144
111
48
4500
17920
250
288
7200
7000
4
560
1
3200
320
175
128
101
400
14000
30
7168
2048
24
18000
75
2560
5120
32
9
1400
3750
9000
2304
192
6144
280
4800
77
90
56
16
13
768
375
750
2500
1600
6400
127
11200
448
7680
31
1024
3584
15360
4096
140
2800
27
19
16000
96
10
50
1536
14
800
15625
3500
2400
4608
40
6
9375
11
1009
1111
91
1280
17
350
1125
125
1250
64
36
3125
5760
81
3
35
500
256
12500
640
10001
360
1152
14400
8
63
960
9600
1800
99
19200
9216
225
600
625
60
720
7
1875
4000
1011
2880
191
1440
21
1120
21875
576
25
1001
72
10000
1200
150
5625
512
8000
224
10240
1920
900
6000
8192
39
5600
18750
480
112
12800
2000
3072
875
240
160
20000
12
3000
